# failed GPU 7 repaired upstream; row/column 7 are zero
0 0 0 0 0 0 0 0 1700000 1000000 1100000 900000 1300000 800000 700000 600000
0 0 0 0 0 0 0 0 1200000 1700000 1000000 1100000 900000 1300000 800000 700000
0 0 0 0 0 0 0 0 700000 1200000 1700000 1000000 1100000 900000 1300000 800000
0 0 0 0 0 0 0 0 800000 700000 1200000 1700000 1000000 1100000 900000 1300000
0 0 0 0 0 0 0 0 1300000 800000 700000 1200000 1700000 1000000 1100000 900000
0 0 0 0 0 0 0 0 900000 1300000 800000 700000 1200000 1700000 1000000 1100000
0 0 0 0 0 0 0 0 1100000 900000 1300000 800000 700000 1200000 1700000 1000000
0 0 0 0 0 0 0 0 0 0 0 0 0 0 0 0
1700000 1000000 1100000 900000 1300000 800000 700000 0 0 0 0 0 0 0 0 0
1200000 1700000 1000000 1100000 900000 1300000 800000 0 0 0 0 0 0 0 0 0
700000 1200000 1700000 1000000 1100000 900000 1300000 0 0 0 0 0 0 0 0 0
800000 700000 1200000 1700000 1000000 1100000 900000 0 0 0 0 0 0 0 0 0
1300000 800000 700000 1200000 1700000 1000000 1100000 0 0 0 0 0 0 0 0 0
900000 1300000 800000 700000 1200000 1700000 1000000 0 0 0 0 0 0 0 0 0
1100000 900000 1300000 800000 700000 1200000 1700000 0 0 0 0 0 0 0 0 0
1000000 1100000 900000 1300000 800000 700000 1200000 0 0 0 0 0 0 0 0 0
