# healthy baseline matrix
0 0 0 0 0 0 0 0 1200000 800000 900000 700000 1100000 600000 500000 400000
0 0 0 0 0 0 0 0 900000 1200000 800000 900000 700000 1100000 600000 500000
0 0 0 0 0 0 0 0 500000 900000 1200000 800000 900000 700000 1100000 600000
0 0 0 0 0 0 0 0 600000 500000 900000 1200000 800000 900000 700000 1100000
0 0 0 0 0 0 0 0 1100000 600000 500000 900000 1200000 800000 900000 700000
0 0 0 0 0 0 0 0 700000 1100000 600000 500000 900000 1200000 800000 900000
0 0 0 0 0 0 0 0 900000 700000 1100000 600000 500000 900000 1200000 800000
0 0 0 0 0 0 0 0 800000 900000 700000 1100000 600000 500000 900000 1200000
1200000 800000 900000 700000 1100000 600000 500000 400000 0 0 0 0 0 0 0 0
900000 1200000 800000 900000 700000 1100000 600000 500000 0 0 0 0 0 0 0 0
500000 900000 1200000 800000 900000 700000 1100000 600000 0 0 0 0 0 0 0 0
600000 500000 900000 1200000 800000 900000 700000 1100000 0 0 0 0 0 0 0 0
1100000 600000 500000 900000 1200000 800000 900000 700000 0 0 0 0 0 0 0 0
700000 1100000 600000 500000 900000 1200000 800000 900000 0 0 0 0 0 0 0 0
900000 700000 1100000 600000 500000 900000 1200000 800000 0 0 0 0 0 0 0 0
800000 900000 700000 1100000 600000 500000 900000 1200000 0 0 0 0 0 0 0 0
