# replicated steady-state matrix with modest extra traffic
0 0 0 0 0 0 0 0 1500000 1000000 1100000 900000 1300000 700000 600000 500000
0 0 0 0 0 0 0 0 1100000 1500000 1000000 1100000 900000 1300000 700000 600000
0 0 0 0 0 0 0 0 600000 1100000 1500000 1000000 1100000 900000 1300000 700000
0 0 0 0 0 0 0 0 700000 600000 1100000 1500000 1000000 1100000 900000 1300000
0 0 0 0 0 0 0 0 1300000 700000 600000 1100000 1500000 1000000 1100000 900000
0 0 0 0 0 0 0 0 900000 1300000 700000 600000 1100000 1500000 1000000 1100000
0 0 0 0 0 0 0 0 1100000 900000 1300000 700000 600000 1100000 1500000 1000000
0 0 0 0 0 0 0 0 1000000 1100000 900000 1300000 700000 600000 1100000 1500000
1500000 1000000 1100000 900000 1300000 700000 600000 500000 0 0 0 0 0 0 0 0
1100000 1500000 1000000 1100000 900000 1300000 700000 600000 0 0 0 0 0 0 0 0
600000 1100000 1500000 1000000 1100000 900000 1300000 700000 0 0 0 0 0 0 0 0
700000 600000 1100000 1500000 1000000 1100000 900000 1300000 0 0 0 0 0 0 0 0
1300000 700000 600000 1100000 1500000 1000000 1100000 900000 0 0 0 0 0 0 0 0
900000 1300000 700000 600000 1100000 1500000 1000000 1100000 0 0 0 0 0 0 0 0
1100000 900000 1300000 700000 600000 1100000 1500000 1000000 0 0 0 0 0 0 0 0
1000000 1100000 900000 1300000 700000 600000 1100000 1500000 0 0 0 0 0 0 0 0
